0.000000
0.009000
0.031000
0.067000
0.170000
0.385000
1.045000
2.828000
6.720000
11.999000
21.351000
27.762000
35.765000
51.009000
57.183000
94.793000
117.867000
122.662000
182.200000
213.536000
251.132000
307.235000
360.122000
438.965000
498.979000
583.905000
652.339000
724.863000
862.969000
941.807000
1032.142000
10876.789000
1218.896000
1411.751000
1610.117000
1831.637000
1933.856000
1833.165000
2263.559000
2284.623000
2659.136000
2806.914000
3099.570000
3374.646000
3615.194000
3777.283000
4290.313000
4291.771000
4788.690000
5136.763000
