0.000000
0.000000
0.000000
0.000000
0.000000
0.000000
0.000000
0.000000
0.000000
0.000000
0.000000
0.000000
0.000000
0.000000
0.000000
0.000000
0.000000
0.001000
0.001000
0.000000
0.000000
0.001000
0.000000
0.000000
0.000000
0.001000
0.000000
0.000000
0.001000
0.000000
0.001000
0.000000
0.000000
0.000000
0.001000
0.000000
0.001000
0.000000
0.001000
0.001000
0.001000
0.000000
0.001000
0.001000
0.000000
0.001000
0.001000
0.001000
0.001000
0.001000
0.001000
0.001000
0.001000
0.001000
0.001000
0.001000
0.001000
0.002000
0.000000
0.001000
0.000000
0.001000
0.001000
0.000000
0.001000
0.001000
0.000000
0.000000
0.001000
0.000000
0.000000
0.001000
0.001000
0.001000
0.001000
0.001000
0.000000
0.000000
0.000000
0.000000
0.000000
0.001000
0.001000
0.001000
0.001000
0.001000
0.001000
0.001000
0.002000
0.001000
0.001000
0.001000
0.001000
0.001000
0.002000
0.001000
0.001000
0.002000
0.001000
0.001000
0.001000
0.001000
0.001000
0.001000
0.001000
0.002000
0.003000
0.003000
0.002000
0.002000
0.002000
0.002000
0.003000
0.002000
0.002000
0.003000
0.003000
0.003000
0.003000
0.003000
0.003000
0.003000
0.003000
0.003000
0.003000
0.004000
0.004000
0.004000
0.004000
0.004000
0.003000
0.003000
0.003000
0.004000
0.004000
0.004000
0.004000
0.004000
0.004000
0.005000
0.004000
0.004000
0.005000
0.005000
0.005000
0.005000
0.005000
0.005000
0.005000
0.006000
0.006000
0.006000
0.006000
0.006000
0.007000
0.006000
0.007000
0.007000
0.010000
0.007000
0.007000
0.008000
0.007000
0.007000
0.008000
0.008000
0.008000
0.008000
0.009000
0.010000
0.009000
0.008000
0.009000
0.009000
0.011000
0.010000
0.010000
0.010000
0.009000
0.010000
0.011000
0.013000
0.011000
0.012000
0.012000
0.012000
0.012000
0.013000
0.013000
0.013000
0.015000
0.013000
0.018000
0.017000
0.014000
0.016000
0.014000
0.015000
0.014000
0.016000
0.016000
0.017000
0.016000
0.018000
0.017000
0.018000
0.019000
0.021000
0.018000
0.020000
0.018000
0.019000
0.019000
0.020000
0.019000
0.020000
0.021000
0.021000
0.022000
0.022000
0.022000
0.023000
0.025000
0.030000
0.027000
0.026000
0.023000
0.025000
0.026000
0.026000
0.025000
0.027000
0.027000
0.029000
0.030000
0.028000
0.028000
0.030000
0.029000
0.033000
0.029000
0.031000
0.035000
0.032000
0.033000
0.036000
0.031000
0.033000
0.034000
0.035000
0.035000
0.036000
0.036000
0.055000
0.051000
0.038000
0.038000
0.040000
0.039000
0.040000
0.040000
0.047000
0.040000
0.041000
0.041000
0.043000
0.042000
0.044000
0.043000
0.046000
0.048000
0.054000
0.046000
0.056000
0.046000
0.049000
0.048000
0.050000
0.049000
0.051000
0.051000
0.053000
0.065000
0.060000
0.055000
0.060000
0.054000
0.056000
0.059000
0.063000
0.060000
0.064000
0.059000
0.059000
0.060000
0.061000
0.062000
0.063000
0.079000
0.065000
0.069000
0.064000
0.063000
0.071000
0.068000
0.074000
0.074000
0.072000
0.069000
0.076000
0.073000
0.075000
0.081000
0.089000
0.074000
0.075000
0.077000
0.077000
0.083000
0.079000
0.084000
0.081000
0.080000
0.095000
0.088000
0.085000
0.091000
0.098000
0.087000
0.086000
0.087000
0.093000
0.088000
0.098000
0.089000
0.099000
0.093000
0.094000
0.098000
0.139000
0.100000
0.105000
0.099000
0.109000
0.098000
0.119000
0.099000
0.102000
0.105000
0.108000
0.100000
0.104000
0.106000
0.113000
0.116000
0.110000
0.117000
0.122000
0.117000
0.117000
0.114000
0.117000
0.119000
0.125000
0.116000
0.120000
0.127000
0.133000
0.128000
0.122000
0.144000
0.135000
0.126000
0.132000
0.133000
0.135000
0.150000
0.145000
0.137000
0.139000
0.138000
0.137000
0.141000
0.143000
0.149000
0.168000
0.142000
0.146000
0.144000
0.184000
0.145000
0.149000
0.147000
0.187000
0.151000
0.153000
0.151000
0.227000
0.151000
0.165000
0.164000
0.172000
0.160000
0.168000
0.160000
0.169000
0.170000
0.168000
0.167000
0.184000
0.175000
0.179000
0.236000
0.176000
0.177000
0.181000
0.182000
0.178000
0.185000
0.245000
0.186000
0.184000
0.187000
0.193000
0.195000
0.192000
0.198000
0.199000
0.195000
0.256000
0.195000
0.202000
0.270000
0.206000
0.213000
0.274000
0.219000
0.212000
0.305000
0.221000
0.221000
0.281000
0.224000
0.219000
0.321000
0.223000
0.233000
0.243000
0.230000
0.230000
0.223000
0.248000
0.326000
0.286000
0.238000
0.374000
0.231000
0.258000
0.238000
0.265000
0.332000
0.265000
0.247000
0.261000
0.254000
0.429000
0.255000
0.257000
0.277000
0.277000
0.394000
0.277000
0.267000
0.300000
0.280000
0.345000
0.283000
0.405000
0.277000
0.292000
0.283000
0.310000
0.299000
0.297000
0.470000
0.305000
0.373000
0.309000
0.448000
0.300000
0.309000
0.311000
0.319000
0.356000
0.326000
0.330000
0.334000
0.354000
0.319000
0.371000
0.337000
0.383000
0.334000
0.337000
0.382000
0.356000
0.662000
0.344000
0.619000
0.361000
0.518000
0.405000
0.361000
0.620000
0.371000
0.534000
0.413000
0.378000
0.502000
0.415000
0.370000
0.604000
0.409000
0.431000
0.675000
0.405000
0.397000
0.553000
0.443000
0.416000
0.527000
0.653000
0.446000
0.450000
0.595000
0.669000
0.471000
0.444000
0.480000
0.727000
0.802000
0.501000
0.442000
0.541000
0.638000
0.791000
0.541000
0.524000
0.500000
0.681000
0.712000
0.723000
0.526000
0.511000
0.512000
0.555000
0.618000
0.764000
0.736000
0.827000
0.768000
0.850000
0.766000
0.882000
0.940000
1.025000
0.958000
0.896000
0.797000
0.840000
0.657000
0.764000
0.603000
0.670000
0.561000
0.684000
0.918000
0.885000
1.094000
0.872000
0.719000
0.727000
0.593000
1.141000
0.707000
0.807000
0.651000
0.741000
0.680000
0.855000
0.592000
0.796000
0.717000
0.898000
0.662000
1.040000
0.771000
1.137000
0.629000
1.231000
0.968000
1.713000
0.895000
1.486000
0.958000
1.637000
0.772000
1.388000
0.992000
1.115000
0.783000
1.081000
1.242000
1.042000
0.784000
1.012000
0.829000
1.067000
1.262000
1.222000
1.359000
1.227000
1.239000
1.267000
1.025000
1.128000
0.978000
1.815000
1.246000
1.533000
0.972000
1.474000
2.429000
1.493000
1.002000
1.206000
1.277000
1.780000
0.820000
1.252000
1.920000
1.318000
1.089000
2.114000
1.148000
1.370000
1.524000
1.650000
1.278000
1.507000
1.668000
1.477000
1.305000
1.748000
2.256000
2.424000
1.262000
1.777000
1.607000
2.077000
1.728000
1.849000
0.973000
1.679000
1.851000
1.914000
2.201000
2.950000
1.326000
1.889000
1.188000
1.769000
1.469000
2.056000
2.274000
2.022000
2.584000
2.501000
2.287000
3.131000
3.433000
3.471000
2.866000
3.052000
2.302000
2.044000
1.230000
4.209000
3.635000
3.480000
2.818000
3.186000
1.646000
2.102000
2.010000
3.240000
1.630000
2.968000
1.440000
2.414000
1.589000
2.436000
1.386000
2.480000
1.635000
2.409000
2.955000
2.530000
3.722000
2.687000
1.775000
2.665000
1.708000
4.690000
1.474000
2.552000
3.486000
2.385000
1.641000
4.185000
1.994000
2.793000
3.439000
4.808000
1.854000
3.191000
3.554000
3.110000
2.261000
4.715000
4.243000
3.372000
3.134000
4.223000
4.130000
4.273000
3.084000
3.583000
2.402000
3.770000
2.711000
4.197000
3.800000
4.835000
4.079000
5.315000
4.367000
5.016000
5.166000
5.210000
5.167000
5.350000
4.413000
5.170000
3.661000
4.467000
3.897000
4.657000
3.744000
5.279000
4.419000
5.321000
4.660000
5.594000
5.560000
6.344000
3.895000
5.634000
4.764000
6.301000
3.930000
5.715000
6.454000
6.056000
3.875000
6.134000
5.352000
6.109000
5.070000
6.378000
5.910000
6.455000
4.550000
6.370000
5.590000
6.519000
5.367000
6.795000
5.612000
7.498000
4.558000
6.291000
5.741000
7.035000
5.060000
7.078000
5.944000
6.298000
4.780000
8.038000
7.549000
7.416000
4.984000
6.680000
6.828000
7.503000
5.187000
7.689000
7.466000
6.320000
6.102000
7.751000
6.527000
8.134000
5.381000
9.715000
7.758000
9.094000
7.449000
8.460000
7.621000
8.760000
6.150000
8.082000
7.054000
