0.000000
0.000000
0.000000
0.000000
0.000000
0.000000
0.000000
0.000000
0.000000
0.000000
0.000000
0.000000
0.000000
0.000000
0.000000
0.000000
0.000000
0.001000
0.000000
0.000000
0.001000
0.000000
0.001000
0.000000
0.000000
0.000000
0.000000
0.000000
0.000000
0.000000
0.001000
0.000000
0.000000
0.001000
0.000000
0.001000
0.000000
0.001000
0.001000
0.001000
0.001000
0.000000
0.000000
0.001000
0.000000
0.001000
0.001000
0.001000
0.001000
0.001000
0.001000
0.002000
0.001000
0.001000
0.001000
0.001000
0.001000
0.001000
0.001000
0.001000
0.000000
0.001000
0.000000
0.000000
0.001000
0.000000
0.000000
0.001000
0.000000
0.000000
0.001000
0.001000
0.001000
0.001000
0.001000
0.000000
0.000000
0.000000
0.000000
0.001000
0.001000
0.001000
0.001000
0.001000
0.001000
0.001000
0.001000
0.002000
0.001000
0.001000
0.001000
0.002000
0.002000
0.002000
0.003000
0.003000
0.003000
0.003000
0.002000
0.002000
0.002000
0.002000
0.002000
0.002000
0.002000
0.001000
0.002000
0.002000
0.003000
0.002000
0.002000
0.003000
0.002000
0.002000
0.005000
0.004000
0.003000
0.003000
0.003000
0.002000
0.003000
0.003000
0.003000
0.003000
0.003000
0.004000
0.004000
0.004000
0.003000
0.004000
0.003000
0.003000
0.003000
0.004000
0.004000
0.004000
0.005000
0.004000
0.004000
0.006000
0.004000
0.005000
0.006000
0.005000
0.005000
0.006000
0.005000
0.005000
0.005000
0.006000
0.006000
0.006000
0.008000
0.010000
0.007000
0.007000
0.011000
0.008000
0.008000
0.007000
0.007000
0.007000
0.007000
0.009000
0.012000
0.010000
0.010000
0.008000
0.009000
0.010000
0.008000
0.008000
0.009000
0.009000
0.016000
0.010000
0.010000
0.010000
0.015000
0.013000
0.012000
0.014000
0.014000
0.012000
0.012000
0.012000
0.012000
0.013000
0.013000
0.013000
0.021000
0.014000
0.014000
0.020000
0.017000
0.022000
0.021000
0.023000
0.016000
0.017000
0.018000
0.021000
0.018000
0.020000
0.019000
0.022000
0.023000
0.026000
0.021000
0.025000
0.025000
0.025000
0.032000
0.031000
0.026000
0.030000
0.024000
0.025000
0.023000
0.026000
0.024000
0.027000
0.033000
0.031000
0.029000
0.030000
0.040000
0.034000
0.028000
0.034000
0.030000
0.036000
0.033000
0.034000
0.035000
0.033000
0.034000
0.032000
0.039000
0.040000
0.034000
0.048000
0.039000
0.035000
0.032000
0.037000
0.037000
0.042000
0.037000
0.043000
0.036000
0.038000
0.038000
0.049000
0.069000
0.038000
0.041000
0.052000
0.059000
0.058000
0.047000
0.046000
0.042000
0.044000
0.043000
0.044000
0.043000
0.054000
0.053000
0.054000
0.052000
0.058000
0.055000
0.055000
0.049000
0.053000
0.049000
0.058000
0.062000
0.062000
0.068000
0.062000
0.058000
0.107000
0.165000
0.201000
0.107000
0.092000
0.079000
0.094000
0.072000
0.093000
0.084000
0.081000
0.086000
0.123000
0.082000
0.082000
0.079000
0.073000
0.077000
0.108000
0.106000
0.098000
0.083000
0.089000
0.083000
0.098000
0.092000
0.095000
0.090000
0.095000
0.085000
0.107000
0.088000
0.090000
0.086000
0.109000
0.092000
0.103000
0.089000
0.092000
0.107000
0.112000
0.104000
0.144000
0.193000
0.150000
0.247000
0.185000
0.131000
0.130000
0.133000
0.125000
0.113000
0.117000
0.103000
0.118000
0.206000
0.155000
0.134000
0.220000
0.141000
0.158000
0.150000
0.156000
0.131000
0.177000
0.147000
0.152000
0.167000
0.215000
0.172000
0.132000
0.135000
0.136000
0.166000
0.169000
0.144000
0.158000
0.140000
0.207000
0.208000
0.144000
0.157000
0.171000
0.140000
0.136000
0.144000
0.188000
0.145000
0.202000
0.167000
0.192000
0.165000
0.171000
0.162000
0.175000
0.138000
0.153000
0.167000
0.176000
0.151000
0.166000
0.164000
0.194000
0.169000
0.177000
0.166000
0.218000
0.176000
0.204000
0.175000
0.194000
0.177000
0.199000
0.189000
0.177000
0.194000
0.283000
0.247000
0.287000
0.226000
0.202000
0.192000
0.250000
0.187000
0.237000
0.235000
0.265000
0.216000
0.230000
0.190000
0.215000
0.196000
0.207000
0.218000
0.272000
0.219000
0.250000
0.213000
0.247000
0.220000
0.251000
0.273000
0.234000
0.215000
0.233000
0.220000
0.265000
0.244000
0.332000
0.295000
0.272000
0.379000
0.234000
0.231000
0.449000
0.279000
0.309000
0.390000
0.262000
0.253000
0.346000
0.245000
0.248000
0.411000
0.298000
0.324000
0.297000
0.301000
0.354000
0.337000
0.388000
0.324000
0.376000
0.297000
0.438000
0.291000
0.434000
0.628000
0.375000
0.261000
0.308000
0.292000
0.410000
0.296000
0.349000
0.309000
0.316000
0.384000
0.306000
0.333000
0.347000
0.334000
0.492000
0.337000
0.437000
0.306000
0.397000
0.385000
0.392000
0.355000
0.384000
0.424000
0.348000
0.504000
0.354000
0.490000
0.353000
0.364000
0.388000
0.407000
0.503000
0.391000
0.486000
0.461000
0.531000
0.423000
0.396000
0.354000
0.423000
0.366000
0.384000
0.375000
0.476000
0.391000
0.441000
0.606000
0.552000
0.949000
0.521000
0.581000
0.512000
0.412000
0.627000
0.486000
0.544000
0.584000
0.490000
0.455000
0.666000
0.769000
0.544000
0.516000
0.821000
0.693000
0.538000
0.494000
0.583000
0.617000
0.668000
0.738000
0.833000
0.731000
0.623000
0.647000
0.616000
0.481000
0.576000
0.610000
0.651000
0.504000
0.607000
0.665000
0.852000
0.543000
0.745000
0.739000
0.711000
0.582000
1.111000
1.010000
0.790000
0.653000
0.716000
0.654000
0.885000
0.547000
0.732000
0.645000
0.887000
0.759000
1.143000
2.027000
1.548000
1.347000
1.270000
1.410000
1.419000
1.158000
1.184000
1.250000
1.407000
1.035000
1.277000
0.838000
0.936000
0.732000
1.341000
0.748000
1.152000
0.905000
1.789000
1.183000
0.989000
0.817000
0.958000
0.873000
1.192000
0.768000
1.143000
0.846000
1.001000
1.128000
1.260000
0.997000
1.278000
0.740000
1.144000
1.180000
1.263000
0.876000
1.343000
1.640000
1.217000
0.743000
1.385000
1.743000
1.305000
0.869000
1.263000
1.440000
1.808000
0.856000
1.398000
1.175000
1.395000
1.262000
1.485000
1.500000
2.158000
2.264000
2.766000
2.105000
3.142000
2.497000
2.669000
2.028000
2.617000
1.436000
1.906000
1.738000
2.010000
1.195000
1.967000
1.901000
1.912000
1.605000
1.838000
2.037000
2.658000
1.530000
2.451000
2.181000
2.273000
1.161000
2.121000
1.685000
2.137000
1.403000
2.499000
1.886000
2.987000
1.476000
2.149000
1.821000
3.330000
2.149000
2.205000
2.474000
2.011000
1.668000
1.822000
2.025000
2.341000
1.683000
2.295000
1.875000
2.214000
1.319000
2.246000
1.731000
2.452000
2.478000
2.515000
2.046000
2.299000
1.799000
2.729000
1.828000
2.576000
3.189000
2.405000
2.345000
3.555000
1.401000
2.700000
2.149000
4.621000
3.625000
2.288000
1.971000
2.681000
1.952000
2.594000
2.930000
3.705000
3.742000
3.761000
3.325000
3.618000
3.500000
3.753000
3.024000
3.497000
2.973000
3.037000
2.383000
2.600000
1.853000
2.541000
2.183000
2.728000
4.187000
3.692000
2.811000
3.144000
2.267000
3.083000
3.560000
4.337000
1.988000
2.678000
3.677000
2.766000
3.209000
2.893000
2.915000
4.527000
2.501000
3.202000
3.936000
3.413000
2.751000
4.707000
3.027000
3.556000
3.347000
4.534000
2.914000
4.191000
5.256000
4.776000
4.240000
5.330000
7.346000
6.489000
4.609000
5.254000
4.499000
5.029000
4.237000
4.623000
4.785000
6.210000
4.509000
5.312000
4.253000
5.356000
5.874000
5.655000
5.686000
6.334000
5.107000
6.552000
5.607000
6.391000
4.174000
5.592000
4.340000
6.877000
5.778000
6.390000
5.587000
6.285000
6.497000
7.523000
5.999000
6.396000
7.152000
7.097000
5.394000
6.738000
6.001000
6.695000
4.819000
6.748000
6.440000
7.224000
5.038000
6.707000
7.088000
6.129000
5.555000
7.217000
6.128000
7.231000
5.422000
7.413000
6.690000
7.960000
6.809000
6.994000
6.635000
7.626000
5.945000
7.653000
6.919000
7.418000
6.874000
8.161000
7.729000
8.347000
6.953000
7.914000
7.121000
8.500000
6.343000
9.743000
9.298000
9.151000
8.088000
9.802000
9.660000
10.220000
7.835000
8.062000
7.997000
8.670000
8.545000
10.307000
8.104000
8.595000
7.409000
9.794000
7.781000
10.714000
6.398000
9.146000
10.007000
9.390000
6.854000
10.908000
8.327000
9.597000
7.186000
10.418000
8.619000
9.846000
7.795000
9.828000
10.514000
11.318000
8.697000
10.933000
11.561000
11.115000
9.430000
11.839000
11.718000
11.396000
7.579000
9.282000
9.163000
10.497000
7.212000
10.834000
9.650000
11.356000
9.453000
10.320000
10.281000
12.162000
8.140000
10.088000
12.526000
11.337000
7.776000
11.111000
10.306000
11.327000
9.798000
11.671000
9.923000
12.525000
8.798000
12.043000
13.248000
12.204000
8.753000
12.109000
13.357000
12.471000
8.721000
12.356000
10.861000
13.660000
10.940000
13.110000
13.788000
13.382000
10.941000
13.986000
13.799000
13.798000
11.054000
12.989000
11.195000
12.408000
9.441000
13.595000
11.901000
12.964000
10.387000
14.509000
14.586000
12.820000
11.554000
13.856000
12.732000
14.252000
12.090000
14.305000
12.923000
14.204000
10.077000
14.966000
13.394000
14.909000
10.702000
14.603000
13.433000
14.722000
11.745000
15.244000
13.626000
15.085000
10.500000
15.891000
13.342000
15.611000
12.530000
15.468000
14.322000
14.987000
12.763000
16.099000
13.866000
15.621000
12.837000
16.442000
16.591000
15.662000
13.646000
16.731000
16.956000
16.243000
13.128000
15.205000
15.290000
16.575000
13.013000
16.744000
17.369000
17.202000
12.622000
17.477000
17.757000
17.035000
12.931000
16.183000
16.097000
18.257000
14.350000
19.431000
19.684000
19.789000
16.485000
18.464000
16.648000
18.753000
15.110000
17.533000
17.382000
17.541000
15.471000
19.822000
19.308000
19.518000
15.530000
18.533000
20.171000
19.612000
16.723000
19.250000
20.562000
20.357000
17.629000
20.935000
19.123000
20.150000
19.567000
20.852000
20.669000
21.695000
17.956000
20.789000
21.944000
21.238000
16.647000
21.973000
21.710000
22.322000
16.444000
21.101000
20.751000
20.302000
23.670000
26.292000
20.775000
22.213000
30.203000
23.943000
24.683000
22.326000
20.572000
23.579000
20.174000
23.827000
16.729000
22.905000
21.679000
19.337000
22.467000
24.223000
21.761000
22.822000
21.137000
23.343000
22.166000
23.789000
19.909000
20.804000
21.253000
27.342000
24.250000
24.805000
26.005000
25.038000
22.786000
22.909000
21.512000
24.398000
21.052000
25.804000
24.744000
27.267000
21.148000
25.759000
24.064000
25.294000
20.256000
22.188000
25.414000
25.659000
19.602000
26.362000
23.549000
26.193000
21.538000
25.155000
26.656000
27.417000
23.390000
23.382000
27.083000
26.458000
21.907000
26.421000
25.930000
24.836000
20.791000
26.314000
29.752000
28.390000
28.684000
30.326000
29.178000
28.334000
21.857000
26.162000
27.219000
29.315000
28.032000
31.178000
30.218000
29.270000
29.146000
30.084000
30.066000
26.118000
27.933000
30.244000
26.104000
30.565000
25.725000
30.590000
28.150000
30.705000
23.938000
27.943000
28.586000
31.171000
26.198000
30.097000
29.878000
31.516000
25.270000
32.564000
28.099000
30.834000
23.969000
31.303000
28.875000
31.477000
24.303000
30.878000
31.235000
34.075000
26.356000
32.693000
30.422000
29.245000
22.476000
28.316000
28.103000
32.811000
25.074000
31.317000
28.749000
31.283000
25.561000
33.142000
32.193000
34.100000
25.052000
33.668000
33.646000
32.379000
24.312000
32.979000
29.244000
32.764000
24.848000
33.880000
30.579000
28.860000
24.179000
28.814000
32.155000
33.311000
25.811000
31.387000
32.023000
29.083000
24.614000
34.548000
32.333000
36.670000
37.914000
34.597000
32.166000
37.066000
28.020000
31.029000
35.101000
36.965000
28.615000
37.134000
36.180000
38.779000
28.462000
36.978000
37.169000
36.974000
27.827000
37.520000
39.042000
38.851000
30.672000
37.399000
36.813000
39.483000
30.895000
39.994000
42.179000
40.533000
36.969000
38.897000
40.555000
41.938000
29.568000
38.895000
36.899000
37.943000
30.292000
37.929000
38.657000
41.327000
32.893000
40.174000
42.280000
40.035000
29.001000
41.417000
37.722000
40.520000
30.273000
41.547000
38.598000
40.829000
28.976000
40.338000
47.892000
42.624000
36.903000
41.602000
40.722000
43.807000
31.973000
43.488000
41.014000
43.379000
36.213000
43.783000
36.125000
41.206000
43.404000
45.941000
44.663000
40.150000
31.247000
44.885000
46.618000
43.077000
36.201000
36.403000
42.251000
45.768000
47.456000
44.461000
38.449000
44.687000
31.066000
44.562000
42.322000
45.349000
36.645000
48.424000
41.771000
45.481000
44.128000
45.808000
43.329000
49.697000
35.193000
44.857000
38.055000
47.598000
33.839000
46.617000
44.511000
45.776000
34.488000
41.259000
50.459000
53.843000
56.911000
52.647000
46.456000
46.944000
39.013000
49.183000
53.203000
51.022000
36.775000
44.376000
51.902000
49.362000
45.055000
60.944000
44.602000
52.354000
40.585000
46.971000
49.509000
47.604000
41.754000
49.856000
49.203000
51.869000
51.635000
51.324000
49.900000
51.431000
40.369000
45.305000
54.403000
51.717000
38.451000
53.857000
51.861000
54.080000
44.262000
52.183000
53.021000
60.238000
57.181000
59.457000
60.295000
62.682000
45.340000
52.491000
55.399000
56.208000
55.744000
56.043000
54.926000
58.432000
50.776000
61.922000
63.527000
65.557000
55.377000
60.274000
60.913000
59.253000
48.205000
62.095000
58.583000
56.515000
52.268000
58.934000
57.847000
67.564000
51.556000
64.640000
57.494000
52.755000
62.292000
60.442000
65.448000
60.458000
58.759000
66.977000
61.797000
50.245000
41.839000
60.314000
64.206000
60.876000
47.848000
51.824000
67.018000
72.230000
62.739000
59.331000
56.026000
74.472000
46.824000
60.845000
74.304000
60.968000
73.670000
61.867000
60.930000
68.894000
57.282000
78.001000
63.611000
64.377000
69.054000
66.012000
63.478000
65.504000
77.242000
77.489000
63.548000
67.100000
51.154000
58.824000
67.538000
78.773000
79.225000
81.735000
80.989000
69.191000
44.691000
63.018000
59.899000
77.011000
68.992000
79.005000
69.135000
78.468000
77.843000
66.878000
63.315000
59.765000
57.859000
68.362000
66.662000
68.821000
49.021000
69.826000
65.042000
69.348000
54.118000
79.934000
65.404000
66.135000
78.858000
70.469000
66.217000
82.610000
81.838000
70.527000
67.041000
68.239000
61.085000
80.492000
82.745000
82.613000
83.206000
84.261000
84.356000
74.945000
55.558000
71.903000
68.255000
82.968000
73.871000
75.006000
69.722000
74.570000
56.695000
72.953000
69.812000
71.385000
65.658000
74.408000
65.747000
75.067000
56.754000
87.185000
70.893000
75.106000
88.106000
74.267000
71.988000
75.009000
70.606000
89.220000
88.022000
87.709000
88.149000
88.091000
73.834000
72.028000
59.912000
88.245000
82.509000
71.259000
62.413000
80.678000
91.779000
81.257000
59.610000
77.367000
89.828000
79.027000
66.677000
84.569000
73.578000
83.119000
61.015000
81.245000
77.231000
92.830000
65.851000
86.844000
87.095000
82.468000
66.035000
93.669000
78.726000
83.922000
65.803000
86.198000
95.433000
95.131000
94.571000
93.982000
94.310000
96.324000
68.902000
83.149000
80.708000
98.031000
64.839000
86.958000
82.377000
88.152000
72.686000
88.518000
80.637000
97.347000
67.218000
89.092000
84.864000
96.169000
76.995000
87.604000
94.614000
99.060000
66.816000
90.228000
85.617000
90.799000
77.244000
89.745000
85.358000
101.842000
99.825000
88.822000
86.252000
92.063000
79.521000
92.757000
86.212000
87.568000
101.164000
94.050000
84.306000
94.901000
80.251000
105.405000
90.075000
94.175000
102.734000
95.585000
90.250000
84.672000
106.216000
96.963000
90.834000
97.596000
71.842000
83.798000
90.462000
92.590000
88.773000
91.740000
85.698000
96.776000
75.081000
105.418000
93.423000
99.510000
104.851000
109.494000
95.045000
102.037000
107.393000
108.132000
94.632000
101.365000
93.419000
104.127000
96.023000
113.151000
77.824000
95.071000
99.457000
115.124000
91.942000
112.658000
99.383000
113.181000
79.448000
114.865000
101.785000
95.944000
94.005000
104.663000
104.546000
106.167000
115.551000
109.605000
102.654000
116.042000
93.619000
106.653000
98.992000
119.608000
81.410000
108.930000
99.485000
109.008000
119.499000
116.515000
116.645000
118.703000
120.920000
119.955000
103.090000
99.884000
98.326000
120.565000
117.302000
102.622000
81.507000
112.165000
120.723000
113.158000
101.379000
106.134000
112.780000
113.392000
107.513000
115.175000
99.689000
114.606000
94.404000
117.869000
110.605000
114.605000
86.364000
122.323000
115.594000
116.327000
123.396000
119.214000
112.203000
122.543000
90.057000
119.141000
104.362000
126.147000
130.372000
120.263000
116.346000
121.895000
90.400000
113.750000
110.297000
113.880000
107.869000
121.898000
130.733000
138.820000
132.277000
129.162000
132.421000
131.724000
111.966000
125.046000
114.413000
129.005000
95.077000
119.229000
122.988000
126.318000
130.400000
128.191000
122.458000
126.739000
134.330000
129.309000
136.203000
133.537000
107.263000
133.555000
124.050000
133.462000
98.046000
130.917000
130.733000
129.221000
117.040000
125.546000
141.598000
134.965000
100.705000
130.488000
129.082000
134.209000
119.947000
133.422000
130.998000
137.243000
130.856000
134.454000
132.057000
135.293000
122.514000
136.541000
122.553000
140.562000
103.128000
137.838000
129.816000
143.483000
124.875000
140.441000
135.859000
136.935000
141.163000
144.307000
133.297000
140.453000
135.351000
143.319000
142.721000
150.012000
142.990000
147.855000
145.910000
132.966000
124.783000
144.479000
148.896000
149.835000
134.453000
146.226000
147.342000
149.497000
131.147000
130.082000
142.630000
147.056000
136.581000
149.959000
131.316000
156.152000
127.166000
148.370000
145.330000
153.936000
113.091000
139.007000
147.941000
148.488000
134.001000
154.714000
149.384000
154.476000
110.908000
149.778000
153.209000
158.022000
160.013000
155.237000
157.376000
154.896000
140.668000
139.180000
150.585000
155.409000
155.979000
157.861000
152.311000
158.656000
118.436000
163.634000
139.864000
158.939000
145.060000
161.782000
159.088000
165.172000
115.609000
161.350000
157.069000
151.757000
146.324000
165.254000
149.703000
162.229000
121.497000
163.250000
148.798000
154.738000
154.677000
163.668000
161.956000
173.405000
163.788000
156.213000
156.937000
158.600000
149.106000
165.471000
172.064000
166.963000
168.964000
204.767000
168.123000
167.764000
167.235000
177.134000
165.456000
174.507000
172.251000
177.125000
162.648000
174.070000
149.260000
169.915000
170.352000
168.924000
129.271000
169.989000
167.856000
174.257000
157.183000
172.607000
176.516000
180.339000
143.983000
158.794000
164.991000
155.749000
160.364000
161.312000
159.699000
178.288000
133.230000
180.329000
177.107000
192.164000
160.628000
168.313000
178.045000
180.811000
145.423000
181.887000
159.015000
191.268000
165.714000
163.642000
176.352000
168.384000
134.132000
192.680000
187.999000
193.347000
181.318000
192.868000
164.813000
187.062000
156.686000
189.955000
183.866000
184.482000
170.434000
188.924000
168.749000
166.332000
188.242000
187.142000
186.715000
185.520000
187.394000
186.547000
198.334000
188.359000
178.540000
202.484000
208.892000
195.191000
176.167000
192.209000
176.992000
196.489000
178.994000
209.145000
197.882000
208.246000
181.866000
214.697000
4232.696000
204.920000
174.856000
196.171000
209.644000
211.556000
195.165000
210.761000
205.712000
214.668000
155.076000
195.079000
191.734000
217.201000
212.600000
208.233000
211.338000
217.221000
189.492000
213.680000
216.829000
208.233000
215.382000
196.576000
213.942000
224.942000
160.210000
223.594000
187.098000
4656.853000
194.411000
225.311000
216.168000
214.015000
190.776000
221.871000
200.299000
206.784000
215.140000
229.034000
220.478000
202.902000
205.922000
215.783000
4798.905000
234.340000
193.896000
229.895000
220.732000
233.362000
216.583000
262.154000
215.074000
212.847000
220.257000
237.982000
207.570000
230.476000
207.185000
230.112000
220.556000
219.061000
209.876000
239.993000
208.623000
214.007000
224.290000
238.347000
243.090000
244.378000
209.505000
243.792000
221.180000
246.440000
226.020000
253.721000
227.312000
224.120000
230.867000
247.551000
249.344000
227.867000
225.789000
228.587000
48843.418000
16876.938000
223.154000
248.315000
241.350000
252.718000
213.089000
237.090000
237.908000
221.888000
229.721000
232.085000
222.493000
234.888000
207.171000
255.236000
240.722000
268.987000
220.807000
266.568000
265.130000
268.996000
