7.970000
8.826000
7.215000
8.080000
5.695000
10.162000
7.435000
8.718000
6.122000
10.691000
7.573000
8.994000
6.145000
9.913000
7.993000
8.955000
6.298000
8.927000
7.828000
9.068000
6.293000
8.856000
8.483000
10.541000
6.963000
10.221000
8.573000
9.490000
8.466000
9.430000
8.834000
10.181000
7.409000
10.329000
9.191000
10.546000
7.065000
10.286000
8.835000
10.291000
7.552000
10.442000
10.279000
10.566000
7.255000
10.732000
8.876000
11.154000
9.792000
11.230000
10.110000
11.550000
9.414000
11.526000
12.381000
11.672000
8.507000
11.165000
10.052000
11.663000
8.628000
11.951000
10.281000
11.736000
8.453000
11.893000
10.502000
12.177000
8.845000
11.627000
12.863000
11.785000
9.002000
12.052000
10.696000
12.629000
8.622000
12.275000
10.387000
12.152000
9.183000
12.360000
11.454000
12.522000
10.840000
12.877000
11.682000
13.157000
11.605000
13.330000
12.000000
13.741000
12.169000
13.832000
12.265000
13.789000
10.612000
14.052000
12.486000
13.942000
9.789000
14.204000
12.722000
14.325000
10.722000
15.459000
14.825000
14.544000
9.707000
14.861000
13.310000
14.712000
10.716000
15.326000
13.228000
15.210000
9.997000
15.385000
14.910000
15.290000
10.964000
14.495000
13.755000
15.268000
10.880000
15.954000
13.948000
14.731000
15.430000
14.772000
13.683000
16.047000
11.254000
16.162000
14.218000
15.202000
11.657000
15.576000
14.612000
16.261000
11.035000
15.676000
13.688000
16.991000
16.436000
17.109000
17.784000
17.199000
11.828000
17.471000
15.410000
17.503000
16.641000
17.234000
15.942000
17.976000
12.898000
16.880000
19.040000
18.471000
17.615000
17.917000
19.528000
16.712000
16.685000
17.812000
17.056000
18.608000
17.856000
20.365000
20.777000
20.918000
16.453000
18.453000
17.624000
19.082000
18.976000
19.561000
17.728000
18.917000
13.120000
18.956000
16.889000
19.254000
15.828000
19.987000
18.475000
20.289000
15.655000
20.208000
18.441000
19.663000
15.950000
24.254000
18.793000
20.906000
25.211000
20.675000
18.685000
19.993000
24.252000
25.547000
24.173000
20.910000
17.533000
20.107000
19.244000
21.073000
15.912000
20.358000
22.150000
22.231000
15.633000
23.181000
22.471000
19.426000
17.430000
22.723000
20.795000
19.189000
16.228000
22.517000
20.964000
24.421000
17.867000
22.374000
21.216000
18.572000
16.366000
22.996000
20.414000
24.048000
23.082000
23.424000
22.888000
26.073000
20.960000
26.308000
26.160000
24.625000
20.787000
25.554000
26.281000
28.088000
23.341000
26.312000
25.589000
26.357000
22.079000
27.589000
25.919000
26.732000
21.157000
27.101000
25.364000
27.723000
25.042000
26.545000
27.493000
26.879000
24.636000
27.700000
26.816000
28.557000
23.349000
28.344000
26.567000
29.305000
22.605000
28.422000
31.125000
29.473000
28.097000
30.537000
28.694000
29.013000
29.277000
29.855000
25.755000
28.844000
22.337000
28.717000
26.426000
29.893000
20.751000
29.455000
28.486000
29.780000
24.350000
29.915000
26.315000
30.281000
20.949000
29.419000
28.352000
29.758000
23.918000
26.724000
30.888000
30.375000
26.219000
30.068000
30.906000
31.826000
31.137000
31.988000
27.799000
28.588000
22.249000
31.164000
31.399000
31.955000
23.234000
32.026000
32.072000
31.088000
23.222000
30.590000
30.028000
32.120000
24.925000
32.301000
30.089000
33.066000
28.579000
30.400000
32.671000
32.276000
24.920000
98.570000
30.525000
30.378000
23.649000
88.196000
31.001000
34.022000
27.988000
34.559000
33.584000
34.506000
35.275000
35.789000
36.462000
35.976000
37.869000
35.492000
34.003000
36.232000
34.362000
